2 0.7667871485943776 0.008093150684931506 0.38052208835341367 0.013934246575342465
5 0.7602008032128513 0.1161972602739726 0.4134538152610442 0.013934246575342465
5 0.7272690763052209 0.17654246575342467 0.34759036144578315 0.01370958904109589
2 0.7108032128514057 0.2626246575342466 0.3838152610441767 0.016405479452054793
5 0.7206827309236947 0.3488164383561644 0.3969879518072289 0.015282191780821918
5 0.7132530120481928 0.3639835616438356 0.3821686746987952 0.015057534246575343
5 0.7116064257028112 0.37814246575342464 0.36899598393574295 0.01370958904109589
5 0.7108032128514057 0.3915178082191781 0.3607630522088353 0.013035616438356164
5 0.7148995983935743 0.4069150684931507 0.36899598393574295 0.012810958904109588
5 0.7066666666666667 0.4544493150684932 0.38875502008032126 0.014832876712328767
5 0.2520481927710843 0.4805205479452055 0.4085140562248996 0.014383561643835616
2 0.6712449799196787 0.6214356164383561 0.3442971887550201 0.014832876712328767
2 0.6720883534136546 0.6739178082191781 0.3821686746987952 0.016405479452054793
3 0.6556224899598394 0.7596602739726028 0.37887550200803216 0.05169315068493151
5 0.22072289156626507 0.8557424657534247 0.34923694779116465 0.015057534246575343
5 0.21248995983935742 0.9168712328767123 0.36570281124497994 0.01326027397260274