3 0.13563197026022306 0.053691275167785234 0.21146840148698884 0.05576664945792462
5 0.1286988847583643 0.1483221476510067 0.2274907063197026 0.016019617965926693
5 0.1302973977695167 0.21743933918430564 0.22429368029739777 0.0166133195663397
2 0.11535315985130112 0.31725864739287557 0.21146840148698884 0.017501290655653073
5 0.4955576208178439 0.32571502323180174 0.1495167286245353 0.013644811564274651
1 0.6669888475836431 0.3590862157976252 0.19117100371747212 0.017501290655653073
5 0.12550185873605949 0.40877645844088795 0.21894052044609666 0.01720702116675271
5 0.36152416356877326 0.48990707279297885 0.19330855018587362 0.016907589055240063
5 0.1174907063197026 0.5163087248322148 0.21146840148698884 0.01809499225606608
5 0.12174721189591078 0.8113216313887455 0.21360594795539034 0.01542591636551368
5 0.1271003717472119 0.9529685080020651 0.21146840148698884 0.015126484254001033
2 0.1479182156133829 0.43027878162106353 0.1570074349442379 0.016907589055240063
4 0.03897769516728624 0.4455601445534331 0.06728624535315986 0.057547754259163655
2 0.12174721189591078 0.7097212183789365 0.20933085501858736 0.016313887454827054