4 0.3469245283018868 0.21767123287671233 0.033339622641509435 0.23868721461187214
4 0.37366509433962264 0.502579908675799 0.03541981132075472 0.25381278538812785
4 0.43166037735849055 0.7580707762557078 0.029863207547169812 0.28238584474885847
4 0.46360849056603776 0.7572260273972603 0.03264150943396227 0.2907876712328767
4 0.5967877358490566 0.7584817351598173 0.034382075471698116 0.26473744292237444
2 0.6014764150943397 0.5937671232876712 0.11321226415094339 0.06471461187214611
5 0.3462311320754717 0.36095890410958903 0.11737735849056603 0.04454337899543379
5 0.3241792452830189 0.41684931506849315 0.06980188679245282 0.04202054794520548
5 0.4729858490566038 0.43996575342465755 0.12154716981132076 0.04454337899543379
1 0.47176886792452827 0.1315296803652968 0.08716509433962263 0.06976027397260275
4 0.5797688679245283 0.2231392694063927 0.03090566037735849 0.23616438356164382
5 0.724754716981132 0.7223515981735159 0.0777877358490566 0.03445205479452055
5 0.8457783018867925 0.41349315068493153 0.05591037735849057 0.028573059360730596
4 0.8087971698113208 0.4155936073059361 0.025004716981132075 0.17565068493150685
2 0.9464905660377358 0.6450342465753424 0.10661320754716981 0.06639269406392694