2 0.5440414507772021 0.013047473200612556 0.2691968911917098 0.020980091883614087
0 0.7833678756476684 0.045666156202143954 0.10559585492227978 0.07649310872894334
4 0.1350259067357513 0.37544410413476265 0.053678756476683936 0.04425727411944869
5 0.22722797927461139 0.3920673813169984 0.14803108808290155 0.008950995405819295
2 0.17875647668393782 0.5815160796324655 0.2691968911917098 0.01944104134762634
4 0.0822279792746114 0.6354977029096478 0.072720207253886 0.07982388973966309
2 0.23458549222797928 0.748583460949464 0.19044041450777202 0.018422664624808575
2 0.5029274611398964 0.7462787136294028 0.23025906735751295 0.017396630934150076
2 0.49772020725388605 0.7678943338437979 0.24582901554404146 0.019188361408882082
5 0.17787564766839378 0.7725038284839204 0.29344559585492225 0.01611791730474732
5 0.20904145077720207 0.8509188361408881 0.217279792746114 0.015352220520673813
5 0.16575129533678756 0.9270290964777949 0.30383419689119173 0.019188361408882082
5 0.4959844559585492 0.9260030627871362 0.2562176165803109 0.01663093415007657
5 0.813238341968912 0.9659111791730475 0.2744041450777202 0.01611791730474732
2 0.15971502590673575 0.906301684532925 0.26575129533678754 0.021232771822358346
2 0.8201554404145077 0.697281776416539 0.26575129533678754 0.017649310872894335
5 0.8071761658031088 0.7162174578866769 0.26746113989637305 0.01663093415007657
5 0.8288082901554404 0.5182006125574272 0.2467098445595855 0.017649310872894335
4 0.7504922279792746 0.3923277182235835 0.06577720207253886 0.06523736600306279
4 0.46310880829015544 0.4470750382848392 0.05538860103626943 0.043238897396630935
2 0.5501036269430052 0.43530627871362937 0.10126943005181348 0.014073506891271056
5 0.8431088082901554 0.32440275650842265 0.2596891191709844 0.018935681470137827
5 0.5388341968911917 0.22232006125574275 0.26575129533678754 0.018422664624808575
5 0.537098445595855 0.15708269525267995 0.276139896373057 0.018422664624808575