5 0.19720508166969147 0.05224171539961014 0.13629764065335753 0.04241715399610137
5 0.15266787658802178 0.410448343079922 0.2003448275862069 0.038791423001949314
5 0.385989110707804 0.5281286549707602 0.20852994555353904 0.05896686159844054
4 0.4057350272232305 0.3212280701754386 0.05635208711433757 0.20690058479532164
4 0.46522686025408344 0.3212280701754386 0.05490018148820327 0.21621832358674464
4 0.5468421052631579 0.8656530214424951 0.05442831215970961 0.18984405458089668
4 0.5584029038112522 0.6088304093567252 0.04960072595281306 0.20276803118908382
5 0.653049001814882 0.6773684210526316 0.1290744101633394 0.040857699805068225
5 0.6270417422867514 0.4668421052631579 0.20611615245009074 0.05017543859649123
2 0.8569872958257713 0.2935477582846004 0.16036297640653357 0.05017543859649123
4 0.8090744101633394 0.4319103313840156 0.06165154264972777 0.18621832358674464