5 0.12263554216867471 0.45538461538461544 0.16493975903614458 0.04828671328671329
4 0.12694277108433735 0.32716783216783213 0.037289156626506025 0.20811188811188813
0 0.2309186746987952 0.21727272727272728 0.022951807228915662 0.07825174825174824
4 0.4048343373493976 0.7026223776223776 0.030843373493975906 0.19646853146853147
4 0.4360240963855421 0.7034615384615385 0.03155120481927711 0.2047902097902098
5 0.6174698795180723 0.6918181818181819 0.1104367469879518 0.04828671328671329
5 0.6181927710843373 0.8458041958041959 0.10900602409638553 0.04996503496503496
0 0.9563253012048193 0.24475524475524477 0.07243975903614458 0.27307692307692305
1 0.6267921686746988 0.1465034965034965 0.14343373493975903 0.0898951048951049
1 0.7759638554216868 0.139020979020979 0.14343373493975903 0.07493006993006993
5 0.773448795180723 0.5902447552447553 0.11832831325301203 0.051608391608391604