0 0.6799822695035461 0.14363756613756615 0.10847517730496453 0.12219576719576719
0 0.6785460992907801 0.30093915343915345 0.10416666666666667 0.1355952380952381
0 0.680709219858156 0.46253968253968253 0.1027304964539007 0.12112433862433862
0 0.49427304964539004 0.5673148148148148 0.11781914893617022 0.12916666666666668
0 0.496436170212766 0.7356084656084656 0.12930851063829787 0.1355952380952381
0 0.4993085106382979 0.8942592592592592 0.11207446808510639 0.12166666666666667
4 0.14547872340425533 0.23314814814814813 0.03952127659574468 0.11255291005291006
5 0.1128014184397163 0.16534391534391535 0.12787234042553192 0.016613756613756615
5 0.11890070921985817 0.4078703703703704 0.1875 0.019298941798941798
5 0.11242907801418439 0.42957671957671956 0.17170212765957446 0.024113756613756615
5 0.31395390070921986 0.4823677248677249 0.17530141843971633 0.0267989417989418
5 0.3193439716312057 0.3269444444444444 0.15303191489361703 0.023584656084656083
5 0.11242907801418439 0.579920634920635 0.1702659574468085 0.018227513227513228
5 0.11423758865248228 0.7621428571428571 0.11925531914893618 0.017156084656084657
4 0.14799645390070923 0.8310185185185185 0.031613475177304964 0.10451058201058201
4 0.3462765957446809 0.11764550264550264 0.03304964539007092 0.09701058201058202
5 0.31 0.054669312169312166 0.12572695035460993 0.018227513227513228
5 0.4996631205673759 0.10343915343915344 0.15303191489361703 0.021441798941798942
1 0.48925531914893616 0.14820105820105822 0.155177304964539 0.04662698412698413
5 0.6738829787234042 0.8618386243386242 0.15374113475177303 0.024656084656084657
5 0.6720921985815603 0.6147486772486772 0.1099113475177305 0.017156084656084657
4 0.6986702127659574 0.6812169312169312 0.03663120567375887 0.10612433862433863
4 0.9138297872340425 0.14042328042328042 0.0474113475177305 0.14256613756613756
3 0.8549290780141844 0.2843253968253968 0.1494326241134752 0.12488095238095237
1 0.8588829787234042 0.525515873015873 0.16164893617021278 0.0476984126984127
3 0.836241134751773 0.6292195767195767 0.13074468085106383 0.12863756613756613
4 0.9199468085106384 0.6281481481481481 0.03952127659574468 0.12756613756613755