2 0.13346358792184726 0.14621417797888386 0.14875666074600355 0.03806938159879336
5 0.13245115452930728 0.6233634992458522 0.15893428063943163 0.03892911010558069
0 0.08813499111900533 0.7341176470588235 0.07641207815275311 0.08911010558069381
4 0.3280817051509769 0.11463046757164404 0.05094138543516874 0.1081447963800905
4 0.38767317939609236 0.2824886877828054 0.04177619893428064 0.13236802413273002
5 0.32502664298401424 0.18384615384615385 0.13653641207815276 0.02855203619909502
5 0.3051509769094139 0.2872398190045249 0.12124333925399645 0.03288084464555053
4 0.8843694493783303 0.22105580693815988 0.026483126110124332 0.06835595776772248
4 0.9113676731793962 0.22019607843137257 0.027513321492007106 0.06662141779788838
0 0.906785079928952 0.4369230769230769 0.08966252220248667 0.13150829562594268
5 0.8604262877442274 0.5472398190045249 0.18033747779751333 0.05104072398190046